0 23 87
1
2 73
3 93
4 31 72
5
6
7 15 98
8 30 31 96
9 32 67 79
10 17 43 77
11 47
12 14 92
13
14 16 67 86
15 27
16 21 55 82
17
18 32 64 66
19
20 80
21 80
22 25
23 72 88 99
24 69
25 49
26 48
27 28
28 40 47
29
30
31 46 47 92
32 80 94
33 40
34 60
35 48 53
36
37 49 50 52
38
39 47
40 41 67
41 44 69
42
43
44
45
46 77 79
47
48
49
50 57 64 75 83
51 80 84
52 53 59 95
53
54 75 85
55
56 91
57
58
59 74
60
61
62 74
63
64
65
66
67
68
69
70
71
72 90
73
74 99
75
76
77
78
79 86
80
81
82
83 96
84
85
86
87
88 97
89
90
91
92
93
94
95
96
97
98
99
