0 1 2 3 8 10 11 12 13 15 16 18 19 20 21 22 23 24 25 26 28 29
1 2 4 5 6 7 8 9 11 14 15 16 17 18 19 20 21 22 23 25 26 28
2 3 4 5 6 7 8 9 11 13 14 16 18 19 20 21 22 23 24 26 27 28 29
3 4 7 8 9 10 11 12 14 15 16 17 18 19 20 21 22 24 25 26 27 29
4 5 7 8 9 10 15 16 17 18 19 20 22 23 25 26 27 28 29
5 6 9 10 12 13 14 16 17 22 24 25 27 29
6 7 9 10 12 13 14 15 17 19 20 22 23 27 28 29
7 10 11 12 13 14 15 16 18 19 21 22 23 24 26 27 28 29
8 9 10 11 12 13 16 17 18 19 20 21 23 24 25 26 27 28 29
9 10 13 14 16 17 18 19 20 21 22 23 25 26 29
10 12 13 14 15 17 18 20 21 22 23 24 25 26 28 29
11 12 14 15 21 23 25 26 27 28 29
12 14 16 18 19 20 21 24 25 26 28 29
13 16 17 21 23 25 29
14 15 18 19 20 21 22 25 27 29
15 18 19 21 22 26 28 29
16 19 20 23 24 25 27 28 29
17 18 19 21 22 24 26 27
18 19 21 22 24 26 27 29
19 21 22 27 28 29
20 21 22 23 26 27 28 29
21 22 23 24 25 26 28 29
22 26 28
23 24 26 27 28
24 25 26 27 28 29
25 26 27 28 29
26 27 28 29
27 28 29
28 29
29
